20147
92084
11221
33065
53220
28681
02124
17980
97266
10461
73013
46208
98109
55109
30605
17033
11784
49082
75052
02893
27265
19601
78748
01543
84067
27514
30033
13624
95382
08753
27530
60445
76528
24060
78728
40504
33701
27360
55045
28562
90002
33570
46256
30101
11370
71292
30344
44906
53045
33063
06492
42647
75043
21133
13905
16125
34683
75494
28390
20715
98198
21801
76132
16801
11420
30354
55409
79936
18612
28115
60002
19720
39466
52804
87505
54124
78705
33624
10002
47906
80401
27403
60652
65803
44870
84015
11225
44024
48126
38201
02116
32205
08109
84105
11211
07067
46259
72103
87123
06484
45833
11223
86409
08550
49668
55374
10004
49424
81001
20706
27573
45123
85365
44102
20705
31061
27870
08002
33319
48101
92570
03801
33647
32907
53404
14609
66502
49779
07083
97701
66202
92111
91106
24502
98402
44115
27105
90031
12601
91732
30016
98258
35978
91950
77016
63136
33321
94583
78520
76520
33176
11369
75007
22655
49508
84535
64016
44055
30076
07206
97306
11756
33024
85383
07307
20841
15137
43204
26150
15061
60628
29033
97504
53184
60091
91502
77385
94585
44106
30039
85021
92336
48091
96818
95616
90007
57301
32066
62618
45039
33436
38381
30047
38053
98146
54703
28314
10013
14624
11703
02891
60067
15473
07011
54005
69337
60139
06810
11790
77880
92703
44108
87108
32025
29322
93535
48088
92395
89130
40906
11576
76544
94118
20876
73010
08330
38553
16602
78217
21793
23220
30315
96013
22551
27292
44720
48609
21740
54449
39344
14150
11776
73051
93710
19090
74006
37921
11570
11229
28226
11206
34638
57033
21043
27707
01845
02038
20832
28262
10528
77477
60640
04963
94123
78945
54220
13669
08757
38483
48601
07102
44012
30518
36867
59201
46069
52641
87112
91977
48602
95824
62220
12973
78163
34759
01754
78254
65622
31645
94589
89143
01851
44035
44313
75048
91335
90017
47041
48182
96753
48030
21231
10003
32810
11375
46835
48103
27712
76180
77339
30458
33635
04038
48922
18038
35124
84043
44109
34243
76119
07801
92115
10065
10918
32835
92870
24328
20770
94114
24450
35235
29073
48111
78660
54301
48842
28021
91942
44134
63630
31825
10475
90020
01826
85202
34771
77521
73159
32218
60163
19150
47847
30223
92504
52601
92618
91763
15401
64079
08638
43812
94112
36109
88310
30058
71220
49436
14724
48421
38118
32909
21158
10128
10308
29407
01501
74604
93305
90260
92376
80015
22204
27103
53913
95758
20024
30528
93257
28352
74107
84790
36695
48336
85541
02743
30281
90401
30309
98686
27406
84103
86404
15232
80238
63639
60073
85086
60411
59601
58703
18640
81401
37214
93010
55412
35501
90745
10595
78040
07205
92557
22031
63012
78723
11372
78230
75778
77504
08081
48192
85757
61820
14261
16506
93001
23453
94565
75503
49224
65616
32773
49519
07047
23462
46123
15550
80526
93436
90278
32809
27587
10033
27295
60647
36502
60115
98512
74020
61523
45403
94303
06512
28586
08540
48911
24112
10459
26164
17046
39209
44509
45159
54143
92704
19422
92877
96768
13210
30114
94954
75044
60131
11212
55117
97470
20874
33542
30024
75002
77059
44709
14701
45245
71270
27676
89117
92832
55133
10452
53012
63017
85033
83814
97024
33711
24224
15902
92307
30350
10029
60707
60517
02130
29388
38024
44201
45056
28128
77351
93405
99344
73008
32174
01001
02113
95667
32210
10467
61858
45417
75023
11786
30173
95380
78228
91602
33441
41008
33401
62206
19132
30621
11228
37766
77520
10031
29045
92139
89103
27545
06511
45231
40502
54303
10306
32901
02745
46814
95965
90638
75075
68509
03833
10468
84604
91755
92804
04093
31601
48197
30303
91773
70438
44147
44221
23221
85207
33132
18508
93265
32792
29680
44601
33169
45227
63077
63701
11209
61104
10520
48219
30008
94618
60609
98362
22960
02910
17402
92606
10460
14127
28092
46278
92335
70802
59401
76657
33418
83704
54968
11710
44087
95123
91402
46219
60020
17331
39367
92122
34997
02118
11731
56164
78503
32534
11218
84663
49444
17543
44613
38221
33175
73162
50644
37663
90744
93705
85053
02360
66603
10456
30294
11377
97374
44145
31307
98366
90057
85282
43403
22827
78724
43229
61360
22980
11701
68122
28105
07033
65201
02852
43065
25969
72701
10471
18032
19335
84765
48507
93230
36301
43222
14586
54935
23607
30153
77577
62670
27560
48234
85208
55337
60187
29588
27858
46407
55311
35033
30214
60626
80111
61350
48085
01545
87106
53081
16502
02895
13034
07463
33172
68123
98604
21716
21050
87107
15237
59802
21206
77461
48435
83646
75039
49056
49503
49548
20744
76543
69033
02888
48104
59106
95838
79924
42141
29209
21093
61701
02905
95348
27828
91711
46237
98001
25526
21237
11219
29323
08902
07060
41260
47527
48047
28462
44312
55120
73110
77336
62901
61108
98204
95111
61107
83703
43160
67455
57066
98092
90012
95210
14837
98057
37641
32246
60617
30318
33860
55347
97232
97222
47648
10032
53226
60618
65804
97487
49034
84118
31721
60090
60429
42104
95961
22840
12834
04239
48640
43612
32503
95503
03043
30606
92833
97322
54025
24015
46268
30083
54459
85139
36748
11763
62249
10010
07821
10040
77081
35215
33322
49337
98901
41017
31201
33014
29682
17264
53151
08554
89031
37614
40351
48081
71202
84770
61068
29070
34480
33067
67203
60194
56301
28098
12302
33010
54401
68524
53704
97524
29576
19145
55420
08872
27405
11749
13411
30041
46204
47201
76642
37912
54110
11215
46203
91722
83404
49008
07628
13440
53029
08332
33625
75702
92683
80205
78751
06033
14225
94619
34654
40207
74063
94510
11233
49348
55122
75939
84121
21042
84044
96816
94070
52404
30066
22302
61244
45801
46561
30301
02860
49307
16503
16504
46227
75211
39649
68506
08830
32724
07030
92301
06351
17036
04039
01474
07306
57252
11801
11967
19047
76859
37128
50010
06095
64105
33135
32225
78703
28504
49879
18049
92126
18966
80012
30097
96712
97006
43332
60621
49068
11419
32934
68504
60625
40965
28602
99337
08816
33174
24343
48209
32257
48340
53115
89423
63034
94526
94040
02919
19804
48390
59501
43224
35601
08724
29483
62379
38016
76704
30311
59526
19020
33805
15864
15211
02180
28412
45215
04901
55805
57106
60915
54016
46953
86047
47712
77450
95825
07036
25704
91350
33141
77032
54904
92119
24354
15068
43614
07828
55075
12203
19605
46038
19530
33604
13045
34453
02026
16866
92123
91201
56073
20910
46711
31522
94110
14845
84081
28334
14559
53204
50219
46402
60171
19050
94122
24740
10553
43130
46033
85340
84102
14626
97496
07470
98007
63755
11367
12054
48328
10075
55438
43207
37212
55044
43302
97209
89032
04073
95618
48224
37073
83686
44133
45440
46807
29730
48213
52806
29621
97305
47401
85303
33776
46250
48083
72012
33919
95316
07621
33612
84104
11364
02911
90056
91801
38117
91710
57523
49085
91761
19348
93940
57701
99559
48892
98312
61877
45323
48532
75180
75020
12010
17931
32738
70510
60473
92880
88312
14487
27215
92081
95632
28079
48221
87111
85041
24401
19002
30830
08094
43402
93280
45504
08527
24551
96720
38358
08868
60120
06811
32796
22182
98003
11203
85364
28170
62236
15235
48124
75206
43123
07010
32314
33534
12484
53809
93212
43613
78209
96786
25303
16066
85027
08512
45230
88220
15690
28212
20772
60651
43004
11415
18360
97080
48732
24540
97526
29406
44223
46819
45840
07057
67217
55427
77375
32207
46947
12603
60660
98155
71602
19067
35179
12837
19107
36587
54729
02169
85339
14210
92407
55128
21502
33830
02139
06405
89074
11432
70427
27284
71007
44135
14623
97214
11693
38119
74133
52402
93309
34660
64061
75215
90805
46556
95820
77840
93250
10950
48116
31906
78065
37013
85135
29644
11210
84128
43528
97203
70601
55446
27549
98248
39180
34736
55316
53210
68503
60130
44136
04330
08232
30248
27606
68134
29626
89107
77584
31750
95376
27703
89183
07103
33314
77020
95219
05047
55901
02724
48180
34428
49509
98002
95835
95117
44129
55439
62002
95833
98642
46805
85716
45236
03103
08033
29687
75961
68138
12701
29501
77083
28327
85024
35006
27608
30662
40223
10024
90066
18051
15666
13815
07960
53405
23294
64050
04092
46750
92029
02067
98133
68521
47354
07840
18643
53024
14610
60619
98664
63031
21045
96019
92590
22701
37379
90004
22802
95148
46613
45067
60636
90713
94577
17112
21218
78130
30450
33073
85251
84065
22039
08828
92805
95823
93534
48439
81625
10282
75217
30701
55445
38683
54302
78218
40023
16201
29605
34613
55444
98660
92346
71861
28671
34769
90212
68105
07003
33603
02908
30519
03245
07424
45424
34655
06111
51537
06514
08053
19083
98059
21212
92120
50310
10021
03452
61704
06779
24277
93722
93247
40160
25427
35802
36613
34947
34741
16146
18702
49912
04210
10304
98037
48848
75243
19032
32060
27597
08210
10014
29212
02460
94080
76549
98409
43619
97301
97367
15845
81003
54701
33403
37760
86004
43605
30096
98444
38112
32233
50322
19018
40220
32113
60449
52654
27856
90034
30328
46312
90802
82007
48433
62946
20190
37207
33763
49506
79601
63389
57362
27534
22304
98370
48185
32822
20186
30238
58503
43231
17022
32708
91384
53520
48822
78414
75228
11706
23116
07753
24801
33189
92103
75758
80233
92866
60638
74008
85302
60516
48458
46901
39170
49841
60126
68046
80003
07921
78586
99027
18018
06401
39305
18013
19131
61462
88011
98277
11552
33025
80249
10027
78577
13834
60102
11234
21222
73701
45013
60633
27949
01913
60468
14020
53545
44114
38107
29708
30078
17601
85712
66771
35816
70343
77356
46544
84120
60614
16412
47371
72756
85008
55102
25428
14075
60506
13668
41472
01550
44281
26508
62221
88004
37909
33040
57201
55437
95404
28645
70433
47112
17023
27526
48152
94533
14616
35749
07078
08628
89052
77088
19125
34743
15216
92626
18235
60031
15120
80229
02878
98331
72202
98569
63937
56601
19118
60169
30317
66207
53406
64019
22534
15601
08536
08861
14850
25177
97361
32765
11550
60101
49744
76112
26361
63020
28138
30088
29201
94066
43725
97862
23606
36040
93703
48836
30549
74128
44137
61801
97424
39301
91367
94555
79925
61938
18103
80910
84129
33884
52627
98266
64870
30736
12567
96706
12827
54230
98188
22041
92324
02170
21239
43215
78416
62896
29801
59718
77053
10473
07109
27371
79382
15332
46321
23235
48021
04240
58102
60164
92311
19149
32208
48422
98404
20032
85283
36875
48314
48346
37616
37331
49504
60123
58701
46062
27243
75845
60901
37129
49866
50501
84606
48184
10543
45030
37604
54902
40509
28056
10039
36567
77662
89506
80030
44053
91750
92374
32235
61920
78227
36027
01604
64834
80022
55077
32569
11103
74115
90630
60108
30815
08857
48093
33463
30656
15101
30082
80017
32304
90042
44827
90029
98337
37075
98513
76380
16830
48235
76302
72450
91406
28273
32935
38544
84737
55126
02119
21229
91606
23084
55101
56304
11205
12204
85710
19096
91401
18328
53562
22202
43551
42765
80231
87120
53716
63033
33880
84107
63042
78245
24018
31206
39503
66611
99102
19971
08204
20017
14094
19120
78731
43607
78233
72742
44004
81501
52001
70533
80239
02150
23223
97062
14227
30338
87110
18517
11357
95841
98405
55014
36116
50056
53129
49417
10462
97401
48162
20639
27701
48359
20109
32825
43209
30121
70403
90715
15084
06478
60432
29505
89122
30002
13601
40211
27513
18031
48350
77024
62702
48158
18301
16319
80113
44070
01915
48176
28227
64850
37915
10005
10009
15146
11230
78412
90250
43232
55912
75704
15376
60456
23227
92058
15233
77493
91702
66030
15206
49328
01701
15317
12303
59602
19135
90028
32820
62040
32308
35640
48906
77063
90304
49128
28025
85335
66223
91304
21211
33756
90016
21784
16417
70084
23517
24503
23439
27263
44130
37087
80542
76028
70115
61103
17241
27511
18840
25309
06062
81005
61874
19111
64117
90302
62239
48823
98045
45701
29405
64076
11803
64012
90640
02132
32922
28752
95821
85204
90631
92530
07644
10023
68901
34205
75693
71743
33810
11236
75205
19130
94022
91405
32043
92656
92612
78264
20895
33181
10001
11429
31701
02151
13452
24435
32348
33183
49770
67207
16046
29414
39701
33029
94564
90505
33351
48604
78201
94563
97224
43213
29301
49203
93108
32958
91403
27409
46311
30030
50315
61021
07090
36507
33054
92649
02131
93706
53215
60643
53227
38501
98252
90712
44103
67152
91730
13032
60936
68130
13104
90044
02889
33755
48420
37721
50211
01420
53717
95456
92691
33130
37055
77708
33323
53546
34478
18951
93449
67701
44131
37620
33026
77703
63134
44235
49464
46074
91770
71106
26501
19057
32960
21403
28301
38106
12771
52314
75420
85307
17901
63021
60642
93454
64014
24016
48108
63303
72104
31602
11385
22205
49408
13204
80021
97478
08069
01079
98584
74105
46545
47203
18037
23234
18040
89015
55806
43615
73112
07731
44441
84601
14612
60124
14435
17404
67214
54140
30316
48876
78229
43214
87121
15683
30329
07645
55395
27252
29720
92154
48306
68005
34668
39354
60610
37221
75249
71108
98110
33012
21903
60620
33713
10280
92313
13021
63074
30168
48089
11101
16301
34983
63128
97525
60502
37086
36352
42420
14207
19138
44706
93960
65810
97338
92562
11714
91754
83706
75115
06010
95901
17834
75035
33433
26743
52755
41179
77642
06902
30068
84003
44107
11235
75501
95610
89144
03038
78572
70809
78221
19133
91362
40291
33484
33332
81004
13126
93648
53219
74080
28658
35207
46222
32159
35063
46526
10566
75058
32507
07506
35622
92399
15012
33015
75202
84123
93637
45342
92308
06385
27017
44425
14212
16635
55301
60193
29210
46825
29706
55944
91360
66056
55068
92028
18848
06098
75287
23661
49651
15239
83843
46383
27407
27603
16833
21234
95687
98087
71943
55304
94061
19468
08244
93543
40218
34684
46614
48423
77706
01752
52650
15229
07024
28627
90249
92780
70072
78613
01702
08406
14901
65742
46221
32068
34251
28312
56381
60433
16601
27205
41566
54304
91387
10805
29334
46131
47119
55008
75050
36024
65759
91910
46748
63122
45133
48506
70543
11435
90008
85201
44203
67218
07302
27529
35242
83854
29118
71720
95624
30263
94103
45237
75652
37115
38305
46404
11207
92647
89147
74525
29485
12528
12986
89706
35064
21061
08619
24554
75077
07054
95350
44511
27127
75766
78411
07843
91604
85138
11563
33020
29615
30213
07304
45103
25438
53222
85338
94107
32812
47448
33186
23225
20019
65723
81504
93453
14767
78240
30034
90504
92614
02452
13323
29115
68505
97007
08854
77003
65536
53007
17315
93306
33324
85755
55379
60452
27253
08012
23320
55025
19966
47990
30188
10301
62222
11732
45034
65274
11501
49015
53223
31036
74169
45255
08005
28037
98802
85015
60074
84074
49635
29617
06812
30044
95035
60015
07055
11105
66209
93063
20169
76033
78730
29102
89084
45405
54403
95988
07430
06716
44125
91978
60559
33613
30273
92688
77954
33435
48177
33707
83651
49546
39059
08021
31005
01970
28804
24211
20117
23602
33602
45011
45247
33781
15931
48723
60103
08030
90248
80122
18201
80813
20707
15425
75946
44104
44512
38878
42262
46619
80124
90292
55421
78239
07310
15801
92677
51106
06066
44123
53575
33936
06281
07675
47374
60542
41056
53805
20904
02474
70816
83676
28704
55124
45459
58078
48128
20851
38138
06614
57048
34210
42066
35043
27012
48653
23966
98626
29170
38006
17972
80549
03060
34450
94612
68022
50841
46107
16671
57732
24522
78750
38485
53188
17102
90265
21244
19029
64138
16701
35962
97402
66212
54601
27609
68818
93012
97501
07604
37343
10463
11204
49423
35801
86429
48080
99801
34952
97918
74011
66062
14204
36701
14206
45409
95678
46218
34286
95979
59824
78861
98107
50312
93312
30122
60446
07013
98632
58203
28147
53590
76137
48801
97008
19317
17202
48462
08807
55904
33611
34953
74012
85308
01453
11691
78063
45044
92831
08003
77074
20619
33137
32828
22150
74120
07068
19075
45856
30161
42649
55433
77479
19126
78341
24541
02914
53402
62959
63043
10801
11208
77418
80911
11040
29172
29624
92277
22030
12590
17257
44240
94590
30179
64118
34473
77304
21217
01013
21117
29710
12210
47909
08401
02145
06604
68124
95747
85210
29150
71655
84041
04002
14424
71263
72916
20785
22303
85017
80112
02907
07017
19046
96080
10703
33460
91784
20020
10701
76082
89106
45206
76107
19805
17103
48312
93277
43103
19147
90264
29072
91104
53149
26385
47138
17364
04085
37849
17066
76226
27878
44484
30742
20781
90006
94804
85266
07480
50313
60041
14218
03275
29579
18353
11417
85013
17057
40517
12043
13031
03842
92629
32346
19154
83605
07052
34472
54411
78501
38127
37211
48348
31707
92701
06710
11414
30014
36606
89030
99212
37306
92116
74014
32277
42743
06854
76135
89431
70605
19947
11746
92121
60469
30274
35205
15033
44405
33406
48060
24184
47130
87109
92054
98367
38103
61734
94015
71033
60657
60435
52237
92584
30038
23238
32127
49756
45239
52003
78250
26547
85936
48036
58103
67216
64030
31316
23454
19533
54446
34689
93030
92646
90014
12586
01534
28052
99203
29712
32514
07419
98042
58077
84058
43420
72335
93560
55119
30907
10562
28216
19390
75025
27260
97754
45693
20171
56374
47933
32176
07876
01331
19008
60050
14301
79423
06477
76014
11953
17363
33446
16323
75041
04270
42134
95355
46582
98032
89012
26101
53206
32807
27589
54911
61554
44667
65459
91775
71846
67401
90808
21001
48239
98225
33705
17728
79088
87711
98948
90043
60110
79415
19954
22911
77340
53211
80020
46539
60475
91356
15017
14464
34207
54435
21136
52136
13036
32714
85653
28906
90650
19333
61832
17557
81144
75042
28117
70003
53711
44646
33540
05676
20906
20002
28303
98592
19061
55408
76084
22032
12542
60451
43623
47905
63121
38134
44288
94930
28501
02061
48381
37826
54002
61115
85035
73119
55057
19114
48808
92591
45069
06457
31794
97210
53075
85018
97213
57103
33142
72653
44643
94536
60441
28358
10457
76502
76244
23455
60482
49952
73456
71334
25701
53713
76013
24445
33991
51501
30286
01020
55449
74061
10538
01095
26241
17851
92069
85351
29456
19144
61735
44119
33030
28609
47620
98125
95051
19543
30175
74868
97385
58436
93701
08562
02809
25302
02215
19540
76010
56542
79015
22407
92021
19363
92879
85706
03053
97321
62097
48094
15106
51442
72459
60174
55130
43227
92284
92105
48092
31801
54229
32118
32609
28112
40299
46914
45219
76801
34761
38374
43219
43756
45209
10312
16327
75966
37130
45891
76116
85050
26003
90046
72076
97304
78109
43205
54015
13028
11096
11727
65714
54001
44124
33801
60160
28269
60415
79762
92129
73135
78596
30728
16314
71901
82604
78247
34442
33165
94117
93464
34481
66111
51632
91364
44857
12180
92692
64127
91206
93458
92835
99016
19015
07630
14217
05041
10163
60565
60099
91342
92660
48237
95605
72576
85621
35603
90403
94706
92503
16335
77494
89301
19056
59725
18942
76710
65325
35906
36264
49534
51561
49632
60632
08361
98597
77379
60025
60208
27326
01010
33467
15658
89135
98925
85749
01938
28659
44094
48895
32209
33898
18210
97352
60016
83705
10466
72364
53235
70648
90620
07104
94543
10510
92410
95128
18505
54981
27214
44663
65233
83702
11224
54652
13502
97230
02492
54104
41501
44410
35023
15865
49738
30360
96027
77988
14001
40915
34652
47610
60564
34223
61607
95112
34745
29307
75110
26554
72501
33928
37807
64151
49727
78676
47512
78405
52302
91307
30805
44305
85029
37217
95661
21532
44236
19464
56510
02879
52216
43334
79912
76006
36619
32955
55344
61265
92083
01886
08812
46714
12569
28657
65605
91740
76667
29009
91601
30032
07016
45506
32137
08723
94131
80018
17983
98203
48150
92841
15140
85345
77578
54824
27611
70118
97124
96826
33444
45240
05735
95608
29681
03782
60408
76513
78226
75601
17268
27302
28741
95110
10977
18042
53066
92110
60189
17602
33511
60942
98012
80923
75056
44883
75410
08863
06461
23518
89128
23112
40215
27909
07514
89121
14692
43206
64501
32244
36426
33312
55110
77042
37917
20016
06413
07834
46628
43221
90305
72227
02723
08016
48160
77036
31098
60402
61073
36344
87114
70435
08648
76248
44691
56353
19119
02453
90603
44272
90221
05401
34285
90731
73401
63115
02771
46360
02191
33308
21851
32317
97123
07105
21613
56031
44634
79322
75227
75495
80104
34744
55051
92844
85629
19140
75010
53072
98380
80226
45135
78727
53714
10960
80631
94710
32301
95991
07950
49525
60419
48062
96701
13088
07066
58201
02301
28127
06081
59412
70461
11428
04274
86406
28001
01852
21201
80215
47348
02476
56284
37840
80906
08360
32725
06804
38555
86314
78664
43026
48198
11735
06118
71112
78213
60624
53172
80013
30548
08055
20121
55403
70811
80222
94109
75063
90069
72205
32808
63114
86315
78028
66048
69153
01475
91205
55112
77845
94132
15035
75071
37034
46140
11717
97086
73099
20628
07201
54944
55792
11355
30165
04496
77091
11553
32967
91902
92347
11434
98837
45331
75022
76550
45217
14305
76060
18518
16509
58736
02136
28557
12866
92345
71043
64152
54751
48041
52240
19078
46166
92320
99349
41465
95132
89408
63131
98126
33578
17109
59044
50125
31907
45402
98274
95340
72933
90717
60148
11972
56368
90024
17013
85741
44132
31320
98382
44266
85042
81063
74075
05602
27320
19901
63628
37801
28236
32937
48817
60543
63125
33034
11755
93307
05149
91306
76541
54024
19151
30901
80011
80634
07646
64057
59844
06825
84010
19428
14818
20009
53225
11713
90027
55106
03865
24266
40205
32333
85048
24479
49048
76114
33558
82930
19405
93401
22902
21076
96744
45322
07512
48165
30127
17881
64804
75126
48141
60438
27536
85226
68114
63304
19153
19606
48210
84341
77014
21911
17106
08068
25414
55418
28376
77381
18052
75604
85901
53207
01527
40383
45804
59230
48313
21651
13495
30297
20740
35004
78752
11427
46064
11580
63119
82001
77084
03079
79403
32327
46815
85257
99504
30224
57349
47125
63123
49913
49931
23666
14808
19460
70068
40142
32073
23847
49441
48183
19713
85007
07869
85718
35022
43609
54915
12801
38478
93304
01201
97756
78666
94043
22903
95966
53516
77975
77009
76039
16226
16001
49685
13790
95360
15222
04260
36322
39401
56345
33064
15034
19610
15122
19904
12498
94611
88101
54130
60629
06238
54670
18074
31404
17111
30349
29468
33023
85119
07081
27217
32720
46143
06776
68028
13302
08859
76227
48910
50588
06105
44054
55330
95822
33126
38116
49301
60081
07663
60466
14485
13027
34787
11004
11378
58033
28054
22151
14760
92108
74136
55042
78634
76017
66604
58577
27262
24055
11768
01854
76504
92806
49858
46511
07920
32250
28110
11021
90813
08036
30331
11373
01247
94403
84720
76117
10954
33009
48195
73122
20815
67204
85635
27006
92507
11754
22033
58472
12202
45241
35210
30017
99508
87031
94928
33803
01002
37058
27104
59538
97045
33615
57104
02125
85213
52339
60403
01610
53216
65018
29832
04922
98624
99205
48733
93274
30126
95351
54880
11238
44471
85705
30324
48625
67002
40214
77082
29340
46733
21009
90807
80232
90048
78415
80403
85020
92257
16803
86303
14420
18623
27604
70535
44001
01821
80235
48726
19382
56258
49024
94531
58059
23452
98408
94553
91766
60646
63048
60630
15136
63109
93536
22153
17540
33309
53959
32312
27501
12582
63366
77515
53185
60077
78260
67212
08084
25901
10708
55113
06488
44139
07720
62245
27886
17042
19320
38401
08840
96819
15116
32953
46071
15132
44813
55013
75756
92312
18512
10970
70769
80010
64158
41001
21144
17059
36272
72396
95124
61604
11520
28540
13760
85715
78076
54724
90274
35811
73632
49431
80209
92506
30291
25286
16101
23185
10017
48626
41102
75021
38464
14615
93611
63116
84780
85209
75230
29205
01887
55011
80202
33566
60605
78101
11590
78526
14304
77802
90062
48813
86336
33609
12976
68007
16508
30565
21030
20018
48768
93442
94582
95321
83619
32401
48003
70570
42754
19136
79905
11102
48342
08701
88001
37206
46052
19604
91901
15219
60176
73012
45662
97838
52403
33909
56285
95307
30144
53521
43502
30087
75254
77360
47564
85225
79606
65806
90013
44301
27705
60172
25801
78729
04345
48441
91737
47977
75062
89502
21224
20011
55031
98801
92243
30813
44630
84112
30313
33140
06708
79903
62864
98327
95388
06450
48455
49201
07012
01030
92020
90019
74820
27616
39842
93591
72730
20886
06082
48748
95817
49002
75038
40204
15904
48044
13459
45140
27577
29512
10583
95003
92253
67124
17941
11433
48073
92679
60491
48220
73018
43035
32641
07106
52761
45656
37918
55107
10940
49007
80134
79413
03303
71832
32206
93748
53901
37351
87047
37205
48750
44143
49452
48756
33313
96745
04032
37148
27615
92708
46235
75001
75119
60563
85381
55707
33162
21015
08901
45229
10453
22193
56556
48436
13365
44010
85730
99354
23237
77478
93711
92019
24260
44417
27803
68107
44287
06443
11771
61822
97413
78220
45324
98290
99603
32701
46151
80903
24380
16732
13041
48037
32311
42503
37748
85019
92539
15065
60714
33470
02138
91762
29693
12553
34237
21701
75165
85743
28441
08882
55423
20747
94086
97219
48187
07823
99701
54914
44702
68144
85388
54216
98102
04011
08879
27713
80004
08344
55116
76016
61536
06051
61032
23322
46226
95460
17579
20850
13904
71107
17870
82609
94002
54501
44907
59801
15063
20878
19968
15445
70123
49735
16915
25314
15207
53005
56226
48893
28401
02135
89434
46168
15028
06770
07666
61275
95050
92648
18045
42240
10541
34103
53104
32119
75169
73034
98273
55345
32607
53218
19007
02906
28753
24175
13326
30185
23464
79401
94952
66215
91377
83638
73507
08088
38654
14031
10034
18015
98586
85735
80907
94085
63104
95831
08824
32504
46565
66801
15045
92124
44805
97206
43506
15456
40409
60118
91605
53121
33060
54945
80228
27330
60467
49631
25541
21912
48912
27612
97034
68057
77067
06234
32224
10303
94402
56048
60462
80218
46385
48377
92127
35206
28215
47150
19977
14519
23231
02904
80211
06473
46220
92553
30628
30269
40252
92264
80525
17368
14482
53094
28570
94546
92604
95206
46403
77093
68025
48302
16401
02639
01801
02111
97023
15085
07712
10465
11226
10705
27520
04444
92026
13057
72543
83835
34653
39145
80118
77065
64628
60185
97446
54742
07039
66044
95361
54722
17815
98043
11561
27544
95125
48840
61602
19711
77964
14621
48309
46952
15417
08610
12078
11379
13812
20148
94102
91101
21037
30103
60487
89156
23324
78566
74601
06460
43201
54311
34748
24572
45420
92546
86426
66210
88061
92040
31014
18109
37412
32168
60448
60932
05478
43113
02780
60406
28028
03910
06107
44843
34432
33050
22201
28333
78681
73118
36092
59422
34221
30022
48134
15642
30733
69357
60087
76054
46806
32350
46013
33902
89134
60140
35042
20784
13203
89048
78069
18428
22315
89460
23226
54929
70750
92102
28546
14569
04609
19004
60616
33414
90036
11762
92377
19950
60608
50167
34470
76123
70501
30043
77469
85260
49022
37922
89145
92260
97236
31557
72461
07508
45042
80814
60030
06260
37814
61841
03246
01749
98363
08107
81503
76548
33777
55125
83341
32608
33027
07661
48082
14054
47630
93618
12019
68154
07701
20860
56461
46375
23113
33411
41071
61615
78248
15469
40258
33764
75707
80611
07735
79720
62061
98121
49544
50482
07065
08087
46516
47660
08320
91744
21215
02644
20879
28012
54209
92583
15010
49684
98201
78204
52172
33614
75006
97627
12401
81611
80863
11201
80260
99114
23505
60142
10469
43202
32757
92262
99652
44060
21216
34476
06831
49009
48188
43212
06516
06355
85739
48468
03235
32804
98503
75061
71302
97801
38104
48227
55372
14527
12061
44875
56149
29585
08837
89509
33947
17569
44095
85625
10707
98249
21228
13850
86326
33844
98368
79107
01040
01082
44067
75935
47303
46202
19026
74017
98305
72601
62704
51105
47165
02465
35077
79930
17701
21286
03743
17744
97212
32750
32696
81647
12144
85374
23703
68510
61024
48066
95225
85711
33710
59102
97132
85037
02176
97365
93550
02760
62095
06801
94805
97051
48315
06330
91768
22443
97404
40107
44241
91917
54853
45431
10552
16822
93240
66773
85641
11704
77430
98682
33565
74112
90018
02864
28714
34688
72531
34275
75572
53955
55038
31520
06235
76708
49333
44041
39402
07407
64077
39110
30005
19933
97330
19993
18017
24101
08690
95129
64024
40004
36330
49855
27041
84109
92706
31626
27591
29704
19012
46342
14445
60655
15210
94062
53090
28655
86442
12205
19044
91411
85745
88052
10989
68730
91748
89510
38930
30104
21012
02863
41858
95073
59870
44710
72209
28731
55306
21770
30215
26678
33404
32086
11980
20613
15147
63135
02152
76022
33990
34212
27375
18330
34135
74804
64133
48838
70817
20782
73084
21754
86301
48444
54983
37615
44121
80909
54452
90291
15963
60062
60156
76542
95628
32114
60534
47968
28467
92653
19063
33317
76301
94624
33981
95014
62049
20008
42726
97267
32413
35954
87036
50022
75090
68758
74734
76262
89503
79201
44233
38652
48186
97220
98284
60914
87301
90301
86331
50401
43701
45631
60613
48038
37160
18436
78737
23663
95472
93933
14437
05446
33426
15613
60561
16511
94558
20165
34232
21163
75067
92056
23059
27283
15148
13148
90025
81403
16353
89169
71235
40854
76036
49690
84302
01085
31560
45309
54956
98501
29526
54235
43223
15042
90035
24571
90601
53532
15001
10019
01516
78652
98498
60051
60615
06517
23503
15905
78133
72167
54421
98033
13795
06455
48154
60008
30135
94571
50707
20155
80303
32563
56264
93923
02818
04401
37771
66046
89511
34677
60477
11783
94602
28732
30134
59330
17201
12531
33167
99119
29643
80615
48071
68522
76367
62656
98105
32726
31016
67578
12831
48453
48505
30307
44138
91776
59634
91506
45036
44314
01569
60532
71961
60010
24019
08201
60061
76201
87032
21401
33478
11751
77077
14534
66615
98591
05456
78061
48039
07063
56425
03054
94401
35904
90632
94121
21742
13652
03064
93003
31305
53551
17011
98338
29412
77022
26147
16505
46322
10956
83858
13211
53213
13827
95446
35750
62920
28603
33102
70563
43015
20901
53095
02631
89702
53936
82433
66204
57078
80224
85258
47330
29907
62521
46936
71965
94901
94569
65793
46368
65747
35630
76049
91934
14216
45014
95660
67432
04072
36303
75701
63801
10962
49901
13214
77096
78840
03766
61273
43620
18425
75252
33472
32055
16159
40403
19939
02915
54901
33914
07029
11516
95121
40216
22801
80121
76012
07734
33948
33445
29906
71078
48624
01876
80014
04103
32927
30809
33434
72404
94803
77301
11554
07747
98226
26187
84745
95826
33935
85051
83815
97603
46410
92586
91752
60540
90026
16059
85301
38382
92117
07110
46224
63344
49127
11358
06114
20602
88240
94579
30312
70037
54669
28470
29732
47353
18371
97035
29673
08077
34465
65786
29316
87048
73160
39337
68502
72903
78154
32216
80513
92101
16912
37203
75081
18104
85120
45647
30680
28601
25425
48230
77657
92501
31548
32730
04769
77566
32754
95358
76109
92234
91790
33417
94549
53224
03836
14617
42431
55105
12502
63129
75137
59487
85043
54165
89005
07438
34266
59930
56121
21758
80920
64081
77089
64068
06702
27806
55378
80237
28150
85373
15214
27516
77095
28043
61455
28435
94588
33437
34293
74632
21157
40272
32309
05301
03109
37209
30067
19030
78222
13066
83468
60181
77627
99821
85044
59047
24088
63146
49080
31406
87002
40391
59405
20817
14209
96813
12025
97355
43046
45843
12524
34120
51462
14606
95954
97116
03063
78161
33066
71909
64836
77079
12020
32578
30525
84037
19115
45885
86305
52556
77080
95422
95969
73572
74134
34234
32164
01571
78602
87402
10028
76085
80816
80210
46706
18974
71111
21054
96028
28365
19143
72532
32162
70582
32082
36081
66032
79556
45702
43616
11733
95410
48917
18080
10567
60513
54562
33903
34113
83501
78616
92373
97223
22124
85022
85304
98208
92027
79101
98335
94063
33629
90815
19512
95945
96815
28712
97523
95109
64083
87544
95131
28625
32254
33157
29440
65340
43081
02445
22003
27278
11769
94806
55431
32003
93060
19152
91343
76209
75134
95037
14219
95136
93420
96792
11368
47250
77064
76021
90049
95401
65101
92109
63501
53212
36201
40475
27605
14580
84075
37701
08846
04090
03890
30260
32612
12122
14222
32505
37037
75150
76258
15236
30004
46236
19073
23229
20181
40210
55121
77051
48205
19702
65802
17866
12721
92104
06108
33513
30236
22311
34203
10607
56215
23693
22405
20721
90210
33145
52405
60644
08205
11213
94947
12309
77040
41043
89011
19355
33761
79902
90230
60653
90660
21208
78207
12477
98270
98023
33168
98502
20110
17552
75051
27410
77386
08865
35222
77338
33619
91932
94158
94108
74337
33702
78249
91791
48438
02122
49428
90041
96161
93433
75032
98052
80601
48363
33196
07733
95926
54166
01109
23224
02115
56001
38242
32952
61571
47404
11214
39208
60112
95602
17501
10458
63026
48341
30080
70094
75013
98166
35216
95127
22042
32566
94603
75240
92595
85031
20164
13676
04107
98665
93215
34986
74010
78761
22312
35776
93740
96817
49120
16034
33177
38125
95122
94708
77006
08312
30075
36110
48629
97527
02134
64063
92845
89044
47802
48025
94578
63747
19341
14141
21227
54471
98028
59847
93619
32837
32839
66206
77429
32204
11362
06320
38063
06605
25312
33131
92211
02747
16854
98115
10025
95116
44212
33409
31326
70754
53221
29202
40222
94087
19082
93460
41015
60654
48214
48854
21790
16056
77506
43460
98329
90606
60611
40208
98118
48201
90040
44320
85396
45895
89450
70117
41005
54813
57017
60083
30319
21044
33917
77070
34208
22508
17055
37043
46017
14618
92394
61301
78702
43016
75103
33139
75214
22191
21225
77045
27517
60060
40508
11354
33428
91913
60439
55811
07204
30071
85268
15224
98036
07849
53214
11365
89170
02649
99353
08880
14892
11581
85085
29229
78521
10314
20010
92392
53142
38606
10022
68111
72022
29607
32829
33055
95828
15433
18069
12472
20742
80220
92869
91311
33161
12192
34482
49071
36082
63143
37219
96822
17353
33178
46260
63139
35502
52732
02351
75009
33430
93041
64801
32795
55422
29369
75156
49646
07728
77345
07107
91030
61761
78617
97850
78640
60443
44820
77087
75094
27316
92543
33618
46122
16049
45238
44092
93245
34950
55352
28621
92620
95832
55426
30035
60649
18071
18444
29577
60007
56401
75763
77373
29410
26362
60631
98387
75225
36206
80918
46795
76018
08889
45040
32217
02902
34972
94609
37066
64124
75219
93646
11572
31904
97030
89081
90241
90050
84108
60178
85650
81052
11366
08050
33062
94704
10035
75104
91345
07087
98034
77043
32836
75070
76210
37404
90680
90015
10704
76115
33071
33018
90032
11237
33075
31210
78582
10036
93552
33326
93291
78224
80203
80917
29356
60135
07202
90604
30326
92567
68106
93117
53022
07108
52327
07631
59105
03608
28214
02920
11216
53703
19565
35901
92602
32024
61401
45419
20735
94116
02832
33154
73071
23608
94030
30093
80033
27622
92617
63130
05855
94587
17314
94720
99022
27455
93551
43017
15221
29385
32707
45503
64116
92236
90073
60639
48146
87113
63044
48238
36117
90065
48026
60622
28805
71055
59715
78704
27282
44303
19023
45224
02114
87144
60410
95060
77346
44444
95319
34758
45418
78753
97502
85382
38258
05468
61114
94903
30339
22554
28677
44256
55313
91911
75231
11530
22203
77316
93638
57069
98589
28530
10038
98230
68661
35234
41774
97201
84321
83301
95691
61816
19603
47715
37027
92630
94544
71103
98433
77437
58228
28403
94551
33056
37204
28206
16859
59937
34209
02143
33143
23117
61364
32803
64106
10026
46320
45429
73554
91126
33033
92627
45066
08835
28311
21204
39648
02148
77054
63379
46725
55416
28139
90621
48076
94709
20007
33905
54171
61614
10451
28204
13783
33146
48334
11757
22401
20743
40217
02721
13202
43040
77099
48161
95670
52242
33773
10018
71201
89512
10512
54952
65401
01108
43008
08817
02171
60175
91324
85205
95326
19027
95531
70807
63144
07111
99611
30314
89166
37643
55405
21213
78749
15139
30363
30084
75098
99709
02472
47129
56379
02886
18947
06615
96797
49426
95843
95502
19116
30577
15227
02840
44146
31052
95971
23662
32547
12809
30145
92886
62465
19380
20853
77057
77365
19401
60623
52807
07050
08010
44117
46635
23901
65203
18452
04101
46205
01803
33265
10924
60586
92821
32817
37923
60544
64093
01746
37355
06360
48307
40588
44142
11702
47403
76205
15226
30152
62226
10986
27519
19104
91103
21046
33304
40422
47713
45005
98122
11220
93901
98199
07803
80219
77015
07040
75024
96746
60606
43518
76203
60098
29303
60302
02062
87514
93555
77047
53202
85212
92807
91010
05302
32211
60409
90277
78833
19094
32816
77905
14526
33001
90245
33127
92707
35633
95301
15217
90201
46327
14059
44128
63106
90039
11726
55414
76155
21005
30666
60637
28444
02459
02917
02072
20774
92782
23927
97239
78242
03451
11421
98011
97225
55455
45244
31407
77489
75141
41016
02909
47172
46773
43228
63124
70005
70737
48240
24120
17603
30340
87507
30310
30253
75220
68776
14853
12027
89104
31324
85719
23139
06896
89014
63302
78516
29349
11361
17522
78253
42003
48864
19146
98674
01902
17050
34994
23060
11360
66614
85378
90723
77328
30342
54457
68102
32801
92801
88046
94542
06610
98074
94156
21075
93906
27834
19095
73109
32258
91789
55114
45680
27607
30157
08234
75040
48225
72704
97016
33021
79424
33193
74114
23316
91381
55719
77030
50023
67220
36527
49221
23005
98684
32034
78380
45246
55436
63110
91351
91709
94702
02339
39759
12550
30707
94501
89119
60022
55429
92354
76015
90037
07026
94133
33709
33510
46601
63010
22603
75605
78251
70119
91016
60805
38317
70043
45439
48174
55902
34287
12065
38018
10016
48203
23323
72223
77085
30305
38008
28372
33972
12508
53511
43147
02814
78232
52803
53228
55108
45345
55812
10455
42728
44319
78934
78754
83232
60548
02903
16102
29180
32605
80841
20001
53122
77449
22309
75201
11436
45449
98520
11003
32811
33549
89108
63112
38122
75089
48331
21207
94556
08904
08833
32746
78621
18062
78361
70364
03110
78148
16693
21703
08691
98144
80521
36105
39211
80204
48815
32767
89110
40219
06451
02108
75204
29532
54923
43110
11413
23824
98406
79414
60558
89501
85009
37122
01907
23669
02816
30720
75234
87105
29138
01860
03904
97333
11217
41018
35476
82070
90501
22657
33407
88005
39532
28211
94521
66012
78735
10011
64123
63670
20640
29403
98407
17244
71109
21032
97426
02740
02881
20005
77035
27704
90262
34957
92223
27524
03431
37813
01880
49112
79412
98311
41092
38340
79339
76354
90275
80046
03049
21209
97005
56472
78261
92505
78336
02865
26105
14228
90623
22102
15213
48048
01119
73505
98021
33138
51040
20877
79701
90064
27508
49601
43082
70447
48837
60521
76133
92128
96734
44120
91423
93650
94559
91739
75432
91303
37916
17044
55720
37064
95815
55432
96003
55744
19943
53073
89406
90068
92078
91208
91741
33703
55346
46032
65809
10530
77904
90003
19803
93446
62447
91207
97048
94509
22306
64011
72472
43138
28173
43567
50130
95341
32583
32905
90814
35244
78573
90063
85003
48322
29697
29650
94502
30904
06117
92113
07062
61284
55104
29466
96793
30102
92868
06611
77027
08086
44081
35007
91316
25705
98303
10606
34996
75149
46808
78726
95054
30228
45211
07726
78741
93021
94545
95953
48329
90710
23233
37818
11901
32751
37363
21236
54912
32931
38737
23805
85281
04110
17370
95330
70806
32869
02120
80026
33330
44111
30306
50265
55079
79022
20646
76044
15701
08096
95641
03811
06704
06334
19301
45817
14047
94115
78210
13039
97459
33543
02128
92705
25071
22015
11557
33158
95757
37311
06870
99403
75046
55024
90405
14221
12533
90280
27613
51360
36582
92532
27948
27614
93532
85713
60154
49655
96782
98908
90045
53818
45248
03458
42519
98663
55447
65251
29206
12209
96789
31308
78756
77056
94597
53925
45251
87016
91214
14454
80302
33133
94538
21702
90022
01949
94306
79907
10983
94089
30327
16105
90295
54113
92173
53105
40245
49315
21060
99501
03860
27919
49740
06752
85224
04927
37664
06249
98103
28715
33594
51054
79761
60035
55435
20120
15644
07740
94904
22308
55115
49269
15438
04730
75248
76009
34429
23831
95765
28205
43064
11426
44044
61443
12208
86044
68108
58104
85255
75208
92009
14468
80127
95337
94601
17325
31047
55360
27051
84047
21102
30079
29661
40353
77807
12123
89131
49404
55318
92808
92092
14750
07760
98119
30535
51024
80306
80027
92024
43210
92071
32789
62881
25164
06481
01760
21655
78124
64108
21727
65010
68801
89139
28786
89433
37924
18641
33469
01564
06093
08873
15108
63368
14072
28516
28803
96766
13732
32606
70706
55413
60463
30265
43230
66006
33616
21108
80206
07826
01930
10579
32703
27937
02035
14522
60188
37820
75074
35111
02532
12308
48045
61550
10573
47904
33759
20191
19106
81301
45150
35071
55748
17702
18020
22209
10591
19127
83661
02338
20151
98072
37934
30062
44122
63601
70420
29572
46409
12572
24333
48202
80439
62839
93908
31605
80246
35810
30721
32780
07724
48042
80304
60465
94539
33180
65082
56468
55428
28103
63625
35213
53715
01245
53719
60546
77554
37076
74055
56377
23061
25401
37329
49310
34695
78102
40068
53114
34679
29401
91320
19128
94044
23508
66762
72112
75964
40464
55404
80123
98422
90804
33305
94404
33954
96814
19087
54155
98611
80620
29449
28697
22301
98117
25159
74026
91325
15202
03440
18064
77518
93311
98178
45303
02885
39773
31058
45365
68787
59901
35613
76705
67460
27106
33155
57110
22025
46254
18706
66205
91001
32976
11050
14904
95492
49801
64506
22920
18466
22601
68127
75069
91803
20170
78641
25239
32712
92592
07932
60612
34102
07095
91390
36078
79911
31501
21090
72834
12306
60431
49079
29928
85939
91935
46163
38126
28411
35758
92342
01921
37072
07871
77033
60641
25304
77701
01720
15748
60804
85737
74940
48888
76092
60453
65109
68516
62305
95482
10037
70810
78504
92037
91501
14423
92865
91780
93065
84111
99336
95683
89115
77502
33160
08844
45213
78268
03051
02019
02332
21152
07093
28078
74106
01581
77021
80550
37406
28806
34608
19810
13209
73026
02155
70056
32459
22026
32818
32256
45601
68147
30132
74145
14642
55373
25313
40047
19809
06040
60430
43023
35243
01862
62703
75028
37210
88021
54217
60527
33173
46571
85297
10710
02129
91765
98077
70815
28120
10549
37189
23434
20003
58278
37060
85353
37745
06333
23188
40241
33487
27617
55407
94111
57401
18707
94503
29609
94607
75093
33442
55746
63118
19021
49329
48178
77406
60504
99824
07094
32526
50169
99705
46804
48105
76093
95658
33408
28630
29477
95816
37216
94596
70360
99515
89060
97405
78215
07501
27539
94124
14456
60201
28277
85032
99223
35404
01721
75116
23502
64080
95959
87124
98148
80031
82323
06519
50170
30064
46710
45750
66211
53118
66053
23510
11232
26070
44839
39666
63846
60426
22503
34691
22043
55364
66067
93514
65807
34606
55092
90023
03031
48706
20902
98055
27344
72712
36874
97205
21114
85326
20855
15203
76040
34489
33311
33144
77901
01451
22807
03820
33013
33184
40242
47567
50459
70053
27583
61802
97702
28036
91505
30308
61065
99216
61821
85748
85746
45690
24641
60133
49283
28405
27021
23605
19014
98555
33772
10472
62215
33626
67749
46617
32305
37167
19522
34108
37650
41064
60089
23456
64136
19052
48335
38049
55411
78852
49001
37890
02109
85054
48098
79410
40515
91340
75401
35586
56303
53581
97520
27509
04102
15086
61755
14070
51351
99037
49507
70002
79109
36693
81007
77012
47421
45204
64735
27055
37660
11788
68112
98101
78374
61008
01267
38028
20708
33897
63108
95209
50311
29223
98020
70714
92582
18618
49418
43235
52246
99163
06790
41042
45638
91301
12304
54773
34222
46902
90602
53963
77380
14215
79106
51103
04976
02744
49242
48317
90502
79735
95356
34951
39194
94304
02149
85323
43938
19703
55037
77713
47546
37040
54128
77625
95062
12804
30042
05155
34698
16802
78745
60162
91355
75080
33623
67110
70820
75426
61953
76903
84054
84106
54634
64029
43119
83440
50266
72032
65026
60048
15480
33811
48075
82414
07730
46217
35035
62301
99208
65452
33774
56721
77031
55434
37321
46307
08322
30040
14068
06029
03052
23507
10576
43560
28428
78013
01093
70466
34607
60436
02534
65686
10709
33760
60505
03055
30240
55123
18976
60040
36854
24073
77539
79407
33547
73005
34431
02359
48130
55021
70125
37686
58105
13501
66109
01077
38558
50321
60634
33908
50701
38474
18901
77025
75060
34639
33483
14120
08831
49341
33405
51201
47346
72118
65737
24422
47167
52317
34746
08090
31220
46514
23321
07601
14043
45807
48207
65613
30120
18634
07002
40977
67601
06470
65466
37405
06037
71291
78759
83672
54650
19038
17319
15062
46142
79016
24609
57108
31096
45371
15212
84062
61061
54123
21402
11356
15301
50613
26505
58075
49256
07481
73086
85363
04438
48009
30560
07076
95630
08810
13743
03087
34224
23451
72715
06032
90266
87532
55320
73072
46350
11106
34471
30252
60526
46324
77066
11542
75160
80503
21036
36453
24588
46802
78238
82601
47714
06110
78541
15906
14213
50461
51301
34714
97303
66049
59638
55981
98623
87122
95130
95677
84332
02703
43055
01089
44302
77238
67215
54648
17113
58801
34235
78758
33334
07643
02048
01901
28203
60656
84405
19607
20837
70065
56554
23702
98026
43830
65202
74056
36607
73031
97056
07751
44057
03848
91729
70062
70058
76240
77076
62613
01096
03101
05048
14627
37876
20722
91352
47429
55410
90033
85344
34109
02368
04281
44316
68137
44446
44039
20052
40361
44721
78746
29671
23421
37082
05819
18828
97202
11719
27203
91941
99518
04937
93704
85618
02190
98325
77048
46060
12514
02127
94134
75087
38111
30607
96007
19403
25661
55076
40031
75458
28326
02346
80305
35020
49247
19462
53189
39534
46373
03446
99179
19958
60056
46341
38068
78599
18960
73069
84404
43068
30741
37388
14620
23707
03561
95370
70121
11787
57501
14224
49326
61250
20794
28739
48135
14086
99301
11793
03281
95407
08801
01107
35756
85250
66610
06403
02446
33458
43610
41076
97216
48316
40356
94591
63353
01057
33950
45648
04343
08505
60645
30345
78041
10007
30620
33109
20634
06331
34145
06239
60457
29918
95464
31807
48212
36010
23236
98272
06084
92131
55406
85296
77068
43220
89029
33328
68104
33813
78610
48127
19701
44003
85356
78252
48323
48043
92227
55454
75762
89102
77433
33256
98631
36053
79416
12838
50548
48217
14220
21797
40175
22152
61201
06112
78205
61611
14607
06106
91107
11795
80016
84060
02021
31216
44321
98672
89146
61603
01864
45202
38824
16870
95842
77090
80504
53548
50664
99201
45822
80919
12138
76306
48879
72457
48430
27523
28328
97457
54208
62069
92840
67045
45434
37601
18705
28350
46319
45404
96707
89523
85742
96778
12578
15537
96812
77630
19053
54830
95621
92065
55103
46517
19406
33714
02370
79934
85234
80915
93428
06416
41274
76102
12992
33971
98168
37042
29053
34602
01832
32615
44612
92603
31088
06109
84101
94506
35211
32259
44224
29649
38804
98239
95476
24882
37347
43062
76048
73663
02896
40741
06424
35212
32763
35570
49415
06518
36066
50325
71069
97215
97302
84087
45387
10958
73044
53051
60803
17025
49286
66503
32092
24201
53209
29662
33873
11780
21811
32571
64111
81632
50309
99202
04650
45373
30747
06883
33076
68756
29669
93033
60440
02720
55388
62025
80443
24426
22406
63382
64154
76454
55945
70507
40601
59711
49442
74344
92571
49715
54534
66214
04252
30738
53154
92220
32940
32904
27048
30673
95215
60442
47542
55118
49103
75783
80501
76522
38635
92882
44833
22712
80916
03301
27852
53147
75082
87508
85375
15005
14211
61348
59457
85259
77086
08311
17356
37752
13068
78760
60093
92544
54739
44144
30677
48457
80538
28306
65046
22181
71269
27101
28307
42718
12009
85305
83647
02110
49696
71913
41011
01351
58061
17740
07930
17225
11005
01833
17976
60520
60464
90290
08046
79706
96748
48035
37208
07732
97071
84501
56069
66213
11416
28210
30241
92585
01588
14223
97113
11249
64131
25703
95023
13613
27893
42351
98661
27843
46241
33912
85501
72762
85614
05405
54467
53190
99654
94598
98558
29670
93225
53718
98579
49686
20012
91767
69201
46239
33706
14411
53143
27576
94568
46563
31405
56650
55317
44077
95135
39361
86440
63385
17566
76207
02645
27574
03466
57580
29116
06705
76518
78202
39120
37334
71730
74074
60472
36609
74426
77357
32824
94606
27801
38109
33573
20716
32096
23222
33825
98006
60423
62207
48051
90254
28213
63132
79904
60202
20136
94143
12538
33712
32129
95829
98056
36604
56334
15825
55419
80223
68402
11568
49006
33415
33782
58318
53186
23860
48310
98229
97140
91042
19446
25015
52501
60941
38732
52101
48204
30453
95064
38829
50036
75014
70363
95662
80227
75460
49058
08060
95033
13208
77640
47368
13901
31568
35010
42259
49660
15946
84401
81413
32141
03276
63771
20769
44105
76182
32541
64477
02144
20577
33716
37215
41073
73114
02421
12307
92231
07001
39206
98375
47803
61727
60068
79707
63301
63088
70460
22656
01867
99207
63028
94552
37743
54843
85349
24860
34452
03257
02746
61454
47362
13619
80108
89101
91125
74701
56132
07901
58538
93111
50149
92064
24141
45380
87571
33525
14779
32821
41843
34990
65775
96130
45223
10020
74023
61282
48846
51034
17403
07656
19003
34604
24701
63107
39828
54873
38301
76437
75218
06378
29479
01519
75951
07885
38079
14895
39601
16686
36617
04064
39090
90009
55425
77002
44089
99577
41339
06241
33770
37874
04106
60177
29055
17608
04652
20152
93647
68116
33610
35128
36104
90242
83202
28560
14201
33147
32713
54495
99206
53150
14613
91792
70122
19134
60004
89129
27892
71467
83536
66061
74435
39429
07450
59821
60085
79938
37312
61052
55343
60122
87522
98275
03106
32963
22125
29203
33315
16002
08751
78211
94703
77535
92563
66777
52245
90011
10174
23009
94550
28222
95436
98116
44112
90706
80129
07208
50801
31313
40229
33156
60018
27592
77586
77459
85014
63390
32117
12932
29805
46201
19121
50837
44116
04841
32223
48360
10012
06762
95949
95320
71203
77007
03903
55334
21057
97015
98607
76118
18077
81323
32506
20194
78373
21210
32669
95603
32052
66409
22079
74631
21205
31410
36083
77389
55604
76051
04412
42001
46304
86335
34474
11104
75926
91313
77019
77072
77055
94945
27510
14605
75244
77590
77354
43512
33016
91105
70546
35646
33410
08518
86324
78256
20852
38506
39202
83406
95020
91210
01841
88012
33269
92675
77060
77073
87529
19103
30346
76179
93422
48843
33461
65768
84403
93726
68508
80511
07022
33606
72455
97211
92408
65052
04547
88311
56283
49456
12493
93720
76126
84070
80138
85016
91331
06513
67211
60046
27288
55331
93727
29153
30609
32926
78114
66047
33069
98936
40505
28801
39531
85233
60012
20607
97450
80248
94518
60076
15059
51049
07836
99224
88345
35147
14030
37421
42101
72634
19806
87701
01536
29148
06483
20745
68131
07305
48169
46214
02451
72529
90001
98104
90272
67502
32806
53132
43908
88030
97844
29944
31204
92881
63103
73134
93448
14226
60173
12571
45033
22134
20746
24014
89178
78570
31566
47978
62010
53208
33605
40206
15014
68820
91701
52738
33704
20112
28034
50629
11932
93110
19123
32548
22066
32819
87043
48236
04074
30533
98022
47390
33896
98025
75238
32011
12116
80002
45220
30045
15205
75034
96150
50630
32564
73120
41655
28607
48915
99507
33462
29437
08302
32628
23487
87937
18914
67201
27248
75229
43050
89148
91321
47901
08611
85023
12222
02536
54660
52340
52722
22314
33422
94541
72758
08525
30542
10598
61081
70759
11422
95030
74119
28202
78550
99503
29745
04342
37919
91723
65583
91020
44889
39540
78288
90740
48442
94534
78539
07020
58530
75633
93103
95620
54011
98310
98391
85206
33185
63901
95648
34239
95485
06092
15204
20827
70116
56537
78212
06103
19938
90404
21629
43125
21146
16735
16662
85012
75418
44311
99775
14625
02447
92371
73301
57035
80301
20737
02140
85006
93105
55040
49450
08104
21666
86445
72015
12118
10507
65072
32805
33316
43449
70114
97128
48858
48642
80128
38655
85704
44460
15936
73105
33607
54986
83201
30011
43078
50317
47304
68118
80044
10125
68410
46012
06053
30106
46637
98030
33019
45208
47872
32832
39359
71601
01073
27413
16823
02302
53964
21541
60425
02842
31078
48611
95066
97133
48375
87501
19086
02482
33166
94561
49401
39530
32266
78343
62293
06520
30233
89422
21649
85367
92025
92651
94931
38133
15834
24065
60607
66112
60601
80524
61326
96064
01945
06410
46506
76230
35473
34201
58270
70529
60551
72956
29902
48034
39574
29910
72830
32169
62902
34669
05404
94010
72204
80236
93510
56013
06906
44101
95501
45154
37887
76374
95409
30296
60490
92508
31903
03104
56544
12007
85701
37716
23219
03814
93662
95560
39157
14450
48451
22310
45205
34488
98082
89109
37914
12345
90755
93109
60515
90005
95205
90047
06850
72207
79605
66203
95570
54867
80309
95126
18414
18411
29909
77396
23601
13206
05488
44310
01570
44505
75154
77041
76110
19946
66536
76655
11705
18621
40873
78387
55417
95742
32601
19040
52241
32643
19956
77318
13205
60706
79764
18810
48638
22192
39095
35051
21214
33179
08852
67208
55391
40203
27502
77008
61072
50476
75181
30571
66104
97221
31401
55795
24012
97031
13212
37235
60545
98516
90232
36830
48067
30504
10117
47711
65043
33938
20037
49617
02184
55129
24319
35824
31322
04219
06468
91915
98004
28792
99213
17842
78701
49017
19551
81631
18102
02025
30115
11374
48473
75602
24017
14052
71115
61415
34236
17053
63645
78744
06070
90255
55401
62401
45249
03042
21017
49760
49321
34742
68959
94305
77011
33809
16153
97068
26753
46528
60155
35401
51334
95547
53177
33852
07746
97394
28513
53146
17347
75209
89113
21601
97381
47960
61235
37061
70764
08202
60525
70357
08103
90803
59101
11934
10580
19001
79346
47356
45344
91764
92337
92802
72745
81657
16041
13662
11222
52655
15057
97601
78045
07632
44306
02554
71854
60053
08884
29685
89123
43606
76034
33032
07009
47122
38801
76053
61310
34436
28031
44904
74966
33190
73533
19142
30143
46816
98065
99156
70448
12206
07079
59701
77004
83714
34461
08876
30118
39204
44483
19426
08203
11692
20814
33904
21078
33870
46527
31636
60478
42776
21921
11973
04605
15228
95451
91326
15015
19473
30021
70001
01075
76901
07028
70131
37132
19963
98005
78584
93654
63966
85395
90211
30009
82072
95242
78404
37803
93747
15610
06365
84115
85040
70517
43912
78216
29611
44149
33637
33913
50021
11694
49445
94620
76247
67512
37422
54111
93036
53572
02468
76106
01062
53182
43056
65752
13478
10803
16648
31779
31419
16652
98466
80234
10310
24370
53205
94230
15520
78620
28751
92694
68164
72019
28027
96029
75638
11001
80452
34119
90220
32570
05068
97070
31820
66216
67530
74501
21409
68132
30012
78736
60047
01905
87015
33982
13606
29464
85194
12546
51503
63105
01106
53705
33837
86401
08052
34491
30116
95642
78633
62018
12883
51601
61001
33035
67144
63049
55308
10603
78046
93702
30601
65682
30906
33778
53108
03062
55369
77581
23432
20163
73045
32038
15025
94941
95993
63558
80446
66783
38237
61281
23111
42502
77498
71457
03867
98111
86333
59635
52301
77407
94517
10928
08098
70444
98250
36732
70506
11792
08026
18067
25504
23954
72023
32861
84738
60203
35805
48226
99645
94024
91008
43076
80207
85607
17859
62294
80922
28053
85648
60404
93630
79901
36310
78023
33125
78219
38463
89179
47151
33413
80633
38019
07064
08260
40067
28090
37323
18420
31558
28787
35080
33634
21053
29860
68128
78132
76134
86327
29926
74543
02762
40513
13413
79928
94610
29550
35806
22560
38847
91607
75045
77062
02664
30566
62258
02861
84092
06278
65560
57073
37172
75224
62450
33771
95818
33767
75147
32962
95012
43611
30277
72401
76111
74110
45243
84095
24153
15901
36832
39501
12853
32408
01923
86001
19148
70726
53217
42071
19707
20882
73132
60137
96001
26757
36528
07662
96002
76943
72761
59479
08618
18344
02769
11741
21120
27016
80247
06071
03906
90703
07420
61240
77550
85331
03262
11507
19510
73130
37411
91706
76307
44140
85143
60042
78214
85286
65270
35098
57216
38302
49037
72143
28315
32238
14057
47804
46615
45432
35208
90089
55804
12047
35224
56003
63052
17070
33112
34233
57703
58730
53527
96820
92270
79714
07762
75785
95519
91733
47929
75142
23701
18072
75550
37711
72901
50047
92405
21122
92014
44026
71129
72764
12564
23040
95366
17101
73107
32405
18439
93950
63080
93292
15133
95465
93219
81236
41232
60661
98040
04970
28409
74013
25311
65324
25143
39507
79103
80470
92240
90010
32859
35614
33432
21014
19602
08328
43837
18036
53403
79915
44703
46016
46974
34434
33597
13069
60585
21769
45356
70454
55807
20013
45225
34231
10126
01843
19709
91745
62948
64468
19079
85063
48519
47974
13090
84045
18964
90247
35757
51555
59808
31015
78542
46803
98606
32536
75965
53597
11778
20124
60106
83245
16423
18106
49412
29063
33576
66208
40962
21902
38849
32071
44304
50237
23325
11954
60514
92106
20717
07462
48164
20653
21771
29302
01083
39667
93035
73170
88007
72927
47579
25653
06824
98112
22974
73703
46530
71373
68152
41332
14611
11976
91504
15102
43127
50070
17538
18354
80005
40165
28335
98506
05452
85333
95827
77050
74953
62234
81432
18510
80132
36266
78064
63376
37873
75657
08102
07832
70777
75236
95442
94065
29601
07513
89403
21863
56007
92637
65248
60444
94513
31533
44074
23692
33976
95631
98383
94301
20736
16117
91007
22207
34637
92545
18403
80461
95141
63775
01440
01056
03036
68135
20677
68117
88401
26142
79838
70392
24176
55305
29169
85001
17837
82051
33114
21113
78026
99176
34112
15145
35121
43085
66608
95776
33596
80126
02356
17408
98031
92130
21639
08061
27610
20036
21738
80110
15037
31415
46982
33983
38017
60523
91203
08070
66441
46405
21412
31021
44504
86403
44118
66018
06075
46992
75212
76706
05829
57785
32709
32465
27850
06052
64119
36608
92555
25962
95403
47334
66002
18054
45406
22206
98245
33569
99323
90077
37920
03824
33815
70508
79702
33301
54656
40972
70544
55987
97498
42633
24151
61520
92867
12852
01520
22901
35405
31705
03234
21661
46229
63050
32320
32084
35803
28469
45867
53181
19036
11951
76001
80023
78552
02456
60659
98058
92610
06795
30094
84152
18014
48327
90293
17222
11010
18407
30052
54115
77514
19122
98136
30731
62269
18822
85756
85249
10168
97027
77583
90746
80006
59834
49680
92107
65084
96795
27804
49505
74044
81125
37416
78537
30341
33812
11804
44333
84532
27023
19006
44270
78015
80516
45458
95663
75949
97408
40313
65770
30019
85379
37865
10522
32095
85658
95367
92150
28174
75754
75019
66221
43543
35661
32456
31032
14051
79120
20825
96732
60560
27299
14619
01844
12746
02050
44052
05156
29536
59917
22630
52730
33621
36108
34219
89521
33598
32053
11782
71838
84651
01835
80498
02806
07866
29304
39702
34202
76011
98944
63357
60471
15665
35763
25547
54964
50014
73080
70719
73753
12775
21767
17512
64056
47274
80831
91731
42442
87401
29676
75703
13207
36106
01614
57107
70744
35040
78237
52232
29841
39440
29040
95672
53965
68142
79252
22101
62568
75750
31901
99218
23504
01748
62037
02141
17078
28208
95076
13862
97913
23958
81623
08043
33068
11566
08226
72120
65604
77705
08848
95120
28532
87104
84660
37658
56175
40202
53578
74361
32163
74021
20754
92663
77573
15024
76802
44011
75751
11239
85295
87102
34110
12543
48206
06798
02859
33876
44065
72677
92118
67005
11252
89002
02601
56470
72863
60450
72215
95133
40744
60455
18101
81006
02121
17104
44090
28104
23228
13108
17110
97477
11747
34288
32951
95018
14731
72427
16510
68601
40108
22580
32501
54481
54893
92344
92008
42103
34601
41702
64089
72635
38225
50515
47355
60305
06712
87821
06065
75488
60013
95313
36451
97392
98296
58425
50702
77378
77382
27317
13803
31512
79364
44830
82431
02382
38677
19560
06340
46986
53916
26624
79065
19716
72201
45710
05773
82801
92252
54228
13037
28778
38105
75402
47710
14560
63025
40059
29690
35143
62035
30624
45805
12159
23857
74955
96126
20111
98465
95834
30512
33129
91011
44126
96006
16668
76108
03908
01129
34747
55386
36782
62538
72116
08520
55443
47885
70503
80221
19312
72206
34974
64505
77481
70130
53046
01960
18709
05346
31087
64051
40511
85248
29678
25404
70070
15223
30013
08110
66508
14202
15004
15909
78070
73501
58784
48015
96791
60301
95322
85747
37409
25443
78579
80602
38311
55362
37090
90806
20764
76249
44021
93410
27401
77523
44714
02871
85392
62828
89447
36067
01609
37410
21817
28451
97038
95336
91006
33031
99352
74735
15627
13830
78259
98373
60005
03218
29455
35209
29225
50201
76078
10987
78043
07504
31719
37882
89142
06515
47223
78223
87801
21404
39046
92411
90637
21221
14830
91945
29654
84097
37174
41230
05491
46036
27540
06706
75216
38135
03773
76448
32779
58601
70778
29582
44216
50323
28164
45832
54913
14132
70148
33715
33541
13135
55060
32778
36870
78721
83607
43014
72512
21230
37708
68701
02632
64113
07461
47012
77303
32579
90030
43942
28734
80517
19608
89519
34116
30092
73542
11937
10080
70611
63703
89149
97229
67801
39307
72386
75065
50316
18630
56296
38456
29554
75241
61559
32326
32827
49107
64459
15003
01952
37725
19055
45678
29651
04250
33150
76105
76067
76574
22108
39705
83634
95240
41048
21813
49421
87421
28465
46011
28081
10974
70560
34292
79563
88130
33859
02189
24265
27312
58504
99901
29445
25403
40740
29642
78624
04468
28640
11957
79821
23803
11720
87042
36603
17019
78717
19962
42055
63102
85254
94105
83709
84124
97055
97817
35578
75713
70634
45634
92114
67037
95709
43822
49036
60461
50327
78059
63005
84093
93905
84094
59911
37618
06120
83617
72952
77049
28737
64156
01022
63138
99350
62842
45101
13421
93625
11739
48326
38115
04005
71105
77968
55387
88435
60555
42553
29707
32124
87001
77305
76305
37742
54942
34982
41035
60940
22963
29306
80621
63141
11767
19124
55335
06851
60554
30176
71701
12946
31093
97420
90038
47460
57750
39520
70458
52619
18656
01879
73626
99514
77856
95008
93730
31635
54806
37080
25053
95032
25083
14303
12901
27832
48618
28422
44017
67849
47446
13856
90093
73149
40045
27932
81201
35173
30909
64064
02467
33028
40008
35221
75835
46068
71646
28705
23047
79504
06532
92003
16025
91786
31764
38834
35151
49682
45401
03045
20866
08829
30808
89045
77017
34981
02330
54937
48049
40437
74447
43718
75454
38671
48509
15672
29472
44641
14905
73556
76654
16346
75247
71225
67206
17406
62863
81230
80537
61041
14214
55723
54487
94801
73064
29842
08820
65757
80433
48170
99517
65721
36756
93461
08106
72926
38863
53934
87415
68788
08108
33592
29488
92655
29580
75380
37932
45694
38549
13673
77005
10305
97378
75773
26047
28789
62801
43537
39565
74851
18076
84775
54027
37218
99362
22546
70394
46345
20650
77571
23838
34731
06268
84119
83707
78257
87410
16057
65301
78589
49028
62366
19808
79603
59714
31312
20603
67210
92230
78626
62062
79932
85284
20783
11946
10601
28584
80001
64055
92589
10588
33496
79765
49640
31714
11931
56560
28779
42347
85215
83864
98292
37862
32221
64054
78653
77453
03857
74350
90503
75422
78757
10920
70445
31119
62880
33955
84096
37764
76864
55398
49861
53047
95746
37853
53538
52069
57448
96825
32693
26104
24501
21405
49078
33231
07086
14737
70083
48301
44438
60044
89120
48054
29048
65632
23114
29566
48371
62530
99703
72347
80701
53083
98596
75654
32081
79045
71603
01468
41256
19064
22307
44234
60501
96857
85355
04282
31763
63940
75650
89704
33881
96722
39525
15201
82009
87520
45410
44406
43545
28457
19013
06471
53531
68845
85214
19112
66605
17001
16950
63367
55303
21901
35146
36350
48901
02766
75803
53523
74135
33617
40212
15728
32771
02643
24712
78332
77259
43211
24590
78363
87901
62052
19102
55906
96740
29506
46788
54022
61354
50682
01238
32220
15135
98177
95228
07403
32920
08105
22427
26726
61264
48179
07627
70471
97002
32433
70092
15220
52632
32097
13030
93651
79927
19807
01036
79525
66219
62903
32065
61356
69361
43344
17974
23093
05682
17551
70124
22044
31050
75765
32444
17830
19518
44851
85929
07018
28360
99004
11558
76501
48374
77565
85310
07852
08534
21617
45012
95070
49004
48603
26452
91354
34114
79331
32736
84078
91361
04051
12074
15090
95113
43952
03802
20714
55940
97440
40178
60418
83401
75861
30010
44056
56093
18087
77098
27889
27959
16501
46037
74745
76104
52742
87059
48118
49795
34105
71473
48084
36006
45233
37383
14260
55972
48504
48708
98424
30527
80241
54426
78258
32321
01007
50616
28040
46845
07974
28347
35555
43723
84050
98374
34217
30506
95467
95562
08555
33477
61252
95055
75152
49623
18255
18504
24360
11231
64844
95203
10309
18708
34241
02126
42276
98070
01242
85933
26181
60458
57555
85028
95623
10550
37036
53156
34711
18088
13327
53027
78244
17316
08223
53120
24954
15241
02901
48661
21671
77044
36535
32347
67052
18055
49849
71485
61942
60481
47302
91344
21620
97530
48228
23690
28460
71857
13811
47164
29152
32080
16720
21678
84701
12189
49616
54494
99610
89077
87510
27571
84084
95650
95207
93444
44514
01532
16805
19066
95814
07077
12570
75189
86329
73127
23062
35475
83655
50263
97146
16901
62056
17547
78006
94014
93004
92075
49097
84116
57350
73521
67156
43311
94025
90670
01118
52411
21220
31029
94530
30529
03784
29135
05055
64145
48393
75645
98106
46356
26431
98683
64134
83405
70342
32303
72940
13736
60401
81122
89118
56143
91204
08095
06877
37738
97818
33854
30046
34142
95252
24592
29564
12423
31709
95354
16024
13748
38114
02646
32431
78733
77069
27527
75159
74464
08054
57042
76711
90078
07023
71866
60134
95010
06019
66852
48866
72744
40390
38614
42303
39505
65808
63051
11022
57005
77071
49083
44072
99003
37821
10901
30237
48040
19970
37091
85306
61410
50579
32908
08220
27377
68023
28547
50013
11002
48173
75232
33124
25702
30814
78108
39443
68850
33931
84057
35771
69162
07652
66015
49202
70647
35645
85285
15209
12754
32561
55376
38663
45226
70732
67568
73077
42404
77598
57434
20105
98221
67060
39350
19139
29108
07045
66224
85004
53153
66427
57105
88355
01603
91746
77546
76063
56529
32744
27601
10302
33563
54615
78067
34420
54460
08731
48469
30276
98685
28754
44050
26062
78734
43521
32728
36079
83642
44278
60192
20657
93729
78644
25537
08009
36107
48503
38827
65774
67010
28901
13903
37877
37377
28071
95634
34788
30439
44273
27313
63137
44408
35014
46818
65706
24527
74873
61101
72301
78413
37861
10006
54313
36025
61102
94580
33473
06510
33134
18011
40484
95640
40701
36579
89138
85203
78747
90605
17752
10804
91024
37033
78574
32064
92093
13667
97388
48168
07203
49938
76643
72473
85142
29341
14476
15668
49870
28791
45065
28304
93221
42217
40228
49460
15218
18902
98650
87506
17847
15464
64109
18603
30507
78732
37127
30655
72360
55328
21750
46703
54552
37881
33042
38562
78665
21787
21804
20135
30513
28070
19973
28083
53233
31909
90714
49319
27298
12090
78628
19129
33545
37134
71046
78714
27242
33733
10110
95118
92624
94566
06354
60602
45216
17350
67213
33823
10470
98640
44420
37879
37031
48623
29044
15044
53167
19352
07860
78017
20816
43045
63111
81132
18091
46552
37804
98629
42129
71118
15928
20004
10993
44507
41144
56082
06855
61036
98497
24477
85280
89027
80528
48347
23071
10941
07606
13215
54665
12084
95819
15632
76140
73111
15618
63341
47408
66101
75455
56367
59864
70808
33486
53935
16403
93924
11742
13439
01003
70301
79119
01951
75904
92356
33327
84020
78505
70791
78234
39629
19609
36340
16743
52338
64153
01344
17754
62832
67576
76426
73025
33843
33967
48278
90251
04084
52401
29638
75092
97488
98531
45337
20015
36720
80937
99006
97739
65584
32539
49076
34479
56063
77061
50703
62958
63070
25840
93644
91724
29418
30054
48216
63084
45113
74127
81416
24179
77656
32009
39576
48017
65464
39360
75146
64126
24586
34690
51239
55488
40503
53203
33907
39071
30467
77484
06002
08809
91202
54636
77038
18336
02825
12822
08037
25133
54101
45414
94950
08065
47022
77414
76120
29812
98550
91708
60107
98603
85361
16935
27028
74033
13697
67063
63841
04236
90732
22556
08215
70526
13473
10044
97346
75235
71303
17401
14608
98271
06119
28650
32430
60422
05477
62522
45310
45619
52802
55003
78265
77388
04958
15342
94712
10930
77707
41051
01031
93725
94707
35034
23301
31815
60069
92843
10605
36305
35660
77471
54538
43604
11359
52333
29510
15626
04742
29630
48809
95304
08640
47038
39047
33101
41174
92509
40213
76077
06606
90240
39560
08028
68588
62650
28777
28774
56655
79843
17938
93635
80120
33952
65355
97341
11412
98926
60476
13838
28445
07421
87068
62554
61430
17349
50438
93402
16143
93455
62966
65631
24084
93907
27537
29627
03222
25430
95695
80130
83687
70112
16415
06382
21128
02557
99029
05441
90054
27518
84624
67740
17034
28642
11514
08542
19611
24558
30189
05059
51401
07670
77026
39475
14428
18302
36605
82501
94925
01730
13328
27966
19435
70633
38141
98403
31008
76103
53960
72034
92672
70615
78418
33234
25506
21202
28574
76309
71037
34240
37617
77075
70525
29844
31513
27596
02912
02478
47601
97217
23924
76712
81147
65023
37869
01469
27043
22195
07042
30180
45416
75784
36801
05153
74066
28152
07936
53140
02653
60045
51521
93031
48166
56329
52544
37756
43988
77023
60447
21223
80214
37110
77058
32222
70450
48304
06026
57717
76861
38701
13685
31798
30751
53001
02882
01540
07405
07027
37315
45152
77511
75207
15675
41240
01830
10454
10532
92404
33838
29625
62417
99113
28605
28144
64082
15681
21040
95963
73106
19802
93612
33318
24330
79411
66601
43074
02770
46928
80520
84036
44515
01562
38011
22968
32814
46789
37398
33465
43920
38012
02333
78410
39827
12201
11722
19454
34685
13219
82223
97415
15234
29940
56701
37067
33901
31211
13807
77327
57620
69025
92673
45176
03603
07522
44854
28349
41143
21111
07748
92201
86030
32783
75647
22451
87328
48620
72384
48223
72315
70760
55424
94608
75901
76457
98348
20905
83801
45377
32358
39845
98027
01840
78839
01507
01906
80477
23523
12839
30540
37336
28683
31822
32833
76059
63126
11935
06248
46303
62689
05753
13617
34445
43240
48215
92596
20871
35905
36861
60153
16242
29502
74132
11256
39328
24844
12466
57702
28379
75053
48320
23868
39212
28472
33523
22738
11752
08310
37777
33567
45760
29067
37830
34785
03809
32531
15935
15501
44842
62526
59722
29003
11020
34773
45385
61031
90607
49046
55367
51510
20854
44695
29640
26301
56552
29571
36856
62885
63120
75068
70128
39553
20777
41749
62995
97845
53549
50144
04530
07112
04411
92878
66103
04410
98467
85390
15074
44110
79602
33974
02916
44481
07070
01151
29154
71075
38574
14048
34475
27007
60421
22106
70814
98445
46282
29125
20106
20177
29016
17362
63011
06820
01602
95204
45326
36610
20720
78654
31202
29161
11109
32653
77530
73089
71019
43953
97138
53110
60484
36703
38751
76661
98583
90202
78834
39364
35114
40062
32334
25003
14069
33480
78709
98053
54630
84721
46323
01038
62034
31028
11518
11766
68743
55415
52342
90270
62711
35214
94520
32966
66218
94523
68847
32533
61111
53092
07071
85253
29420
02117
89033
11730
64037
62960
93232
07642
38901
15026
85750
17015
85034
17254
59037
22172
95222
33872
02539
56009
16063
76844
05201
34228
42330
60552
98223
07640
02568
29527
18250
33187
75459
78073
60538
21875
78164
36522
53593
67235
27809
78942
32567
35150
71631
70755
01719
06880
45320
96749
28722
44286
34772
53144
63117
61447
23075
78883
02032
36541
63101
54482
34667
38128
87567
28270
48033
78280
71957
49633
46251
37933
38651
98349
24221
93621
36427
61341
46234
32351
39056
31650
45505
20703
07080
23308
60119
33779
36442
27962
48865
68136
73538
63113
46868
93101
99338
85354
28348
13350
30474
67543
37665
44028
20912
44307
90810
66861
60195
75118
27045
13312
75083
39556
62232
33412
75203
07442
29042
06901
75233
32404
54406
19801
20748
98557
86040
40069
43054
11789
95558
99929
49316
32409
95973
95521
36444
15143
19440
26330
28721
56342
48651
24293
06751
65066
01027
32502
58438
10990
01378
66701
97141
60064
69301
55430
46855
64830
64724
28538
32310
71409
37062
65069
28305
20175
08755
47265
04364
33136
28429
82716
44202
31525
86441
21560
26041
75452
49935
98295
44707
95419
78611
48324
18211
47879
76058
39073
14614
28217
47720
01104
90231
35674
14647
58501
47523
92887
49040
28377
98942
46923
74301
40117
81521
64086
65790
20500
77510
27030
98372
60459
33331
47591
15624
01105
70607
95914
01908
72703
12095
79072
18001
82005
90059
78629
12110
72160
75672
92363
29541
77903
44030
75407
17520
13634
80435
52206
19425
30266
98570
95134
37419
41091
20675
33970
14085
32466
34609
77536
24464
29360
12928
31791
88901
49338
76245
49709
32111
38668
50675
61944
75155
43964
71301
62546
08071
18232
45214
78009
30117
18431
60604
77803
83402
02717
97448
39114
12817
47424
08020
10570
22122
73766
31642
77001
18445
04268
32617
26855
98108
35218
49783
93283
49331
49330
12428
97053
11425
21520
45830
35611
53042
04938
73344
44677
40118
92552
34104
54241
67106
80109
23415
83716
77591
15656
34949
78121
17821
64503
85622
18826
74401
76701
61732
62675
15104
11023
39189
45723
36304
60144
62203
14036
31411
24001
33583
64132
30755
99005
07865
49018
94920
72083
04746
35112
02343
11772
33575
77029
96022
21837
40342
45679
16426
76424
33122
55448
42345
27874
98390
01220
64730
62260
65653
37185
94547
62693
02790
19072
46933
07981
28724
99707
04105
63090
86431
12183
36467
89436
66102
81652
11950
62230
01069
81008
06067
28341
92803
08027
04930
40324
76569
77320
33544
24597
40014
60111
48097
01745
74462
74108
53017
11598
07436
37737
29936
80905
36091
92372
89141
61358
61010
15050
44633
32735
22213
54416
48446
80833
29520
20685
93955
18058
43945
61542
13778
14564
74450
28748
71219
28337
33980
02364
61724
02767
53058
46106
66106
03835
74003
80926
55356
71753
64157
93561
57751
98371
81303
67209
74129
63133
64114
22180
90087
32006
98019
48122
16827
43903
72936
20907
80533
70434
14898
34786